1: { 377, 83, 117, 348, 419, 627, 5, 829, 443, 336 }
2: { 432, 573, 132, 275, 394, 176, 104, 663, 233, 261 }
3: { 174, 236, 243, 881, 798, 622, 363, 303, 853, 114 }
4: { 478, 532, 940, 991, 586, 420, 619, 39, 705, 329 }
5: { 299, 287, 117, 59, 895, 336, 254, 185, 443, 610 }
6: { 289, 279, 964, 68, 945, 963, 661, 514, 408, 763 }
7: { 647, 92, 302, 402, 270, 911, 658, 769, 159, 186 }
8: { 545, 724, 827, 459, 103, 433, 168, 230, 999, 718 }
9: { 215, 80, 590, 744, 81, 674, 888, 50, 583, 409 }
10: { 70, 277, 963, 569, 90, 408, 173, 964, 260, 582 }
11: { 770, 482, 361, 850, 268, 23, 611, 166, 210, 462 }
12: { 880, 363, 688, 196, 152, 114, 881, 824, 622, 605 }
13: { 290, 592, 16, 105, 359, 947, 226, 954, 399, 829 }
14: { 942, 172, 235, 805, 490, 110, 494, 422, 664, 474 }
15: { 520, 849, 193, 180, 732, 796, 291, 37, 833, 503 }
16: { 105, 290, 13, 333, 592, 359, 399, 953, 947, 542 }
17: { 242, 210, 260, 462, 188, 361, 569, 582, 770, 11 }
18: { 667, 733, 495, 572, 458, 101, 851, 567, 973, 353 }
19: { 915, 913, 78, 992, 297, 710, 231, 266, 317, 776 }
20: { 34, 718, 355, 404, 686, 715, 944, 551, 613, 892 }
21: { 30, 824, 234, 692, 543, 989, 387, 100, 880, 190 }
22: { 969, 430, 398, 111, 797, 224, 618, 935, 38, 197 }
23: { 850, 268, 482, 11, 535, 770, 611, 166, 170, 361 }
24: { 594, 554, 497, 131, 685, 298, 332, 950, 631, 767 }
25: { 965, 893, 825, 552, 345, 785, 474, 228, 691, 286 }
26: { 615, 162, 845, 296, 747, 33, 448, 414, 966, 891 }
27: { 129, 912, 401, 529, 155, 356, 194, 119, 292, 556 }
28: { 264, 856, 783, 799, 826, 108, 281, 434, 214, 385 }
29: { 905, 118, 539, 936, 711, 434, 826, 799, 814, 148 }
30: { 387, 21, 190, 234, 223, 824, 989, 179, 100, 202 }
31: { 393, 94, 821, 204, 239, 322, 75, 801, 753, 328 }
32: { 589, 521, 306, 221, 700, 320, 696, 413, 786, 327 }
33: { 747, 296, 162, 845, 575, 448, 966, 414, 26, 44 }
34: { 20, 355, 718, 715, 404, 892, 686, 182, 551, 827 }
35: { 447, 817, 325, 683, 933, 882, 510, 487, 245, 574 }
36: { 364, 195, 323, 891, 851, 495, 414, 858, 101, 572 }
37: { 796, 503, 180, 160, 993, 930, 125, 193, 632, 520 }
38: { 797, 969, 618, 351, 22, 742, 396, 183, 430, 606 }
39: { 329, 779, 67, 904, 303, 517, 403, 689, 798, 136 }
40: { 652, 972, 241, 621, 225, 982, 424, 367, 801, 695 }
41: { 561, 811, 300, 340, 669, 176, 872, 237, 886, 455 }
42: { 738, 124, 900, 431, 902, 427, 636, 120, 681, 388 }
43: { 496, 840, 735, 312, 702, 837, 425, 833, 112, 505 }
44: { 966, 575, 448, 747, 280, 33, 296, 415, 107, 465 }
45: { 284, 601, 360, 608, 450, 523, 828, 863, 441, 452 }
46: { 876, 471, 466, 47, 760, 251, 841, 501, 754, 815 }
47: { 841, 471, 876, 46, 466, 357, 101, 157, 704, 754 }
48: { 697, 562, 91, 974, 538, 922, 150, 358, 749, 629 }
49: { 736, 435, 258, 685, 69, 844, 956, 453, 924, 995 }
50: { 479, 429, 409, 324, 88, 672, 215, 342, 939, 80 }
51: { 165, 76, 138, 240, 334, 534, 650, 894, 141, 668 }
52: { 726, 56, 987, 169, 547, 890, 362, 614, 54, 873 }
53: { 294, 57, 899, 743, 640, 908, 623, 684, 295, 910 }
54: { 169, 252, 87, 56, 216, 104, 792, 158, 726, 873 }
55: { 214, 723, 385, 783, 819, 761, 635, 161, 28, 264 }
56: { 52, 169, 726, 54, 873, 252, 987, 890, 158, 491 }
57: { 899, 294, 53, 743, 623, 908, 910, 219, 831, 684 }
58: { 109, 375, 822, 183, 563, 135, 197, 38, 962, 645 }
59: { 185, 610, 336, 299, 254, 954, 443, 5, 829, 725 }
60: { 376, 528, 368, 808, 151, 565, 580, 752, 620, 962 }
61: { 852, 354, 205, 386, 269, 525, 265, 527, 727, 920 }
62: { 938, 248, 884, 65, 73, 937, 800, 461, 616, 832 }
63: { 941, 415, 659, 280, 595, 44, 107, 815, 603, 251 }
64: { 839, 177, 722, 871, 500, 634, 505, 445, 263, 985 }
65: { 884, 958, 62, 800, 937, 938, 670, 229, 248, 832 }
66: { 858, 600, 195, 981, 996, 364, 546, 95, 891, 851 }
67: { 517, 39, 779, 329, 877, 403, 689, 202, 303, 904 }
68: { 279, 945, 6, 602, 289, 514, 820, 906, 964, 344 }
69: { 844, 995, 435, 258, 736, 956, 49, 809, 847, 627 }
70: { 10, 277, 963, 90, 569, 408, 964, 145, 289, 173 }
71: { 570, 316, 519, 924, 542, 453, 97, 953, 665, 956 }
72: { 854, 533, 313, 352, 319, 249, 425, 436, 702, 308 }
73: { 248, 937, 800, 832, 62, 587, 410, 778, 309, 938 }
74: { 609, 134, 395, 802, 672, 428, 88, 256, 156, 678 }
75: { 239, 322, 231, 204, 262, 78, 297, 753, 199, 31 }
76: { 165, 660, 51, 534, 138, 894, 764, 406, 848, 948 }
77: { 282, 810, 167, 843, 211, 370, 207, 472, 756, 130 }
78: { 231, 915, 19, 913, 322, 75, 613, 239, 297, 317 }
79: { 493, 137, 980, 233, 883, 412, 898, 382, 932, 663 }
80: { 9, 81, 215, 583, 888, 115, 390, 477, 590, 831 }
81: { 583, 115, 390, 477, 888, 80, 678, 219, 831, 9 }
82: { 143, 98, 639, 374, 648, 405, 524, 675, 932, 687 }
83: { 1, 377, 348, 627, 419, 995, 847, 809, 97, 844 }
84: { 370, 207, 748, 946, 617, 1000, 756, 762, 763, 123 }
85: { 788, 507, 739, 865, 984, 864, 578, 934, 657, 957 }
86: { 559, 706, 164, 885, 446, 714, 537, 469, 468, 502 }
87: { 252, 216, 792, 54, 374, 104, 169, 143, 132, 981 }
88: { 672, 395, 678, 134, 74, 609, 50, 115, 583, 81 }
89: { 717, 135, 584, 823, 645, 267, 381, 227, 641, 870 }
90: { 408, 730, 914, 277, 661, 10, 70, 106, 964, 260 }
91: { 974, 922, 562, 538, 697, 749, 48, 567, 353, 637 }
92: { 7, 402, 647, 911, 302, 658, 270, 159, 655, 444 }
93: { 253, 463, 467, 456, 506, 548, 994, 218, 544, 186 }
94: { 821, 393, 31, 801, 367, 204, 328, 191, 322, 746 }
95: { 546, 996, 981, 66, 600, 195, 891, 858, 364, 859 }
96: { 437, 509, 272, 931, 921, 907, 318, 372, 917, 894 }
97: { 519, 956, 953, 316, 71, 924, 333, 453, 542, 844 }
98: { 639, 648, 82, 143, 405, 687, 175, 932, 524, 675 }
99: { 765, 650, 473, 961, 350, 868, 240, 903, 990, 544 }
100: { 989, 304, 223, 347, 549, 113, 929, 516, 30, 734 }
101: { 495, 667, 841, 36, 47, 18, 851, 323, 471, 572 }
102: { 307, 145, 988, 748, 203, 617, 708, 946, 1000, 634 }
103: { 230, 404, 545, 686, 8, 827, 718, 776, 317, 266 }
104: { 132, 176, 216, 432, 87, 54, 573, 2, 158, 252 }
105: { 16, 13, 829, 290, 333, 443, 954, 592, 953, 359 }
106: { 439, 914, 260, 955, 730, 90, 346, 259, 17, 144 }
107: { 603, 465, 280, 501, 415, 575, 595, 44, 251, 659 }
108: { 440, 826, 281, 118, 426, 905, 28, 936, 856, 799 }
109: { 375, 58, 822, 563, 962, 183, 135, 288, 645, 528 }
110: { 490, 422, 226, 172, 805, 14, 942, 454, 235, 494 }
111: { 224, 430, 398, 22, 969, 147, 480, 618, 935, 797 }
112: { 923, 566, 840, 496, 43, 369, 837, 505, 673, 735 }
113: { 516, 549, 929, 879, 304, 734, 878, 347, 223, 642 }
114: { 688, 196, 689, 363, 881, 12, 3, 622, 174, 303 }
115: { 583, 81, 390, 477, 678, 888, 219, 80, 831, 910 }
116: { 662, 476, 494, 454, 725, 373, 805, 389, 422, 172 }
117: { 5, 377, 1, 287, 299, 336, 443, 83, 59, 829 }
118: { 905, 936, 826, 29, 108, 799, 440, 434, 539, 711 }
119: { 529, 292, 148, 928, 247, 27, 356, 774, 775, 912 }
120: { 276, 900, 301, 427, 124, 346, 42, 738, 522, 531 }
121: { 709, 257, 426, 553, 281, 950, 671, 594, 856, 440 }
122: { 701, 515, 512, 535, 998, 896, 451, 154, 335, 400 }
123: { 762, 772, 638, 1000, 946, 703, 339, 617, 708, 918 }
124: { 900, 42, 738, 427, 431, 902, 636, 120, 276, 681 }
125: { 930, 860, 407, 160, 503, 993, 37, 632, 728, 796 }
126: { 861, 793, 417, 978, 848, 668, 406, 218, 141, 334 }
127: { 716, 166, 782, 656, 694, 327, 263, 221, 11, 23 }
128: { 614, 362, 987, 526, 547, 442, 378, 795, 52, 726 }
129: { 27, 912, 155, 401, 119, 529, 194, 356, 711, 292 }
130: { 472, 201, 178, 167, 810, 211, 577, 192, 720, 271 }
131: { 497, 298, 631, 950, 643, 24, 767, 695, 424, 591 }
132: { 432, 104, 2, 176, 573, 216, 87, 405, 275, 41 }
133: { 745, 999, 139, 651, 212, 957, 598, 274, 230, 545 }
134: { 74, 395, 609, 672, 88, 678, 428, 256, 802, 156 }
135: { 645, 89, 717, 381, 58, 109, 375, 719, 584, 151 }
136: { 853, 358, 798, 236, 150, 3, 303, 243, 174, 532 }
137: { 493, 883, 412, 79, 980, 898, 807, 382, 637, 663 }
138: { 894, 534, 240, 921, 51, 76, 165, 272, 948, 660 }
139: { 651, 212, 957, 133, 999, 745, 934, 864, 657, 578 }
140: { 330, 556, 934, 356, 292, 247, 578, 401, 529, 864 }
141: { 668, 978, 334, 218, 994, 126, 861, 848, 406, 51 }
142: { 209, 486, 803, 898, 663, 275, 791, 261, 869, 705 }
143: { 82, 374, 98, 405, 648, 639, 792, 932, 216, 600 }
144: { 439, 259, 955, 889, 346, 301, 229, 670, 106, 958 }
145: { 102, 748, 763, 617, 963, 946, 708, 84, 307, 1000 }
146: { 250, 649, 372, 949, 926, 907, 371, 674, 342, 744 }
147: { 423, 654, 480, 224, 398, 633, 111, 935, 536, 794 }
148: { 928, 774, 539, 775, 119, 541, 711, 936, 29, 912 }
149: { 596, 629, 585, 150, 353, 567, 358, 973, 48, 697 }
150: { 629, 149, 596, 358, 48, 585, 353, 697, 136, 853 }
151: { 719, 528, 376, 60, 368, 951, 580, 645, 381, 620 }
152: { 560, 880, 12, 750, 682, 605, 363, 836, 244, 679 }
153: { 846, 492, 794, 633, 766, 684, 654, 623, 743, 910 }
154: { 400, 896, 771, 564, 483, 515, 599, 208, 335, 998 }
155: { 129, 803, 912, 27, 194, 975, 401, 261, 142, 711 }
156: { 428, 256, 976, 314, 206, 609, 574, 802, 74, 288 }
157: { 357, 812, 973, 458, 841, 704, 733, 707, 47, 741 }
158: { 340, 811, 176, 283, 561, 104, 41, 169, 54, 726 }
159: { 658, 285, 911, 402, 920, 727, 269, 655, 186, 92 }
160: { 503, 993, 37, 632, 125, 180, 796, 930, 860, 193 }
161: { 804, 337, 558, 761, 635, 385, 757, 214, 485, 557 }
162: { 296, 747, 33, 26, 448, 615, 845, 966, 575, 414 }
163: { 556, 194, 586, 401, 140, 356, 578, 330, 27, 934 }
164: { 885, 706, 714, 86, 559, 446, 468, 469, 199, 644 }
165: { 76, 51, 660, 138, 334, 534, 764, 894, 406, 848 }
166: { 127, 11, 716, 23, 770, 361, 850, 482, 656, 782 }
167: { 211, 810, 130, 472, 77, 282, 178, 201, 843, 397 }
168: { 433, 459, 775, 541, 293, 247, 724, 8, 774, 751 }
169: { 54, 56, 252, 87, 726, 52, 158, 873, 216, 104 }
170: { 887, 579, 909, 268, 611, 482, 850, 701, 23, 535 }
171: { 391, 752, 365, 565, 625, 620, 508, 593, 970, 808 }
172: { 805, 14, 942, 110, 490, 235, 422, 494, 226, 454 }
173: { 518, 582, 569, 188, 242, 307, 988, 210, 656, 10 }
174: { 3, 243, 881, 622, 236, 798, 363, 605, 114, 853 }
175: { 687, 639, 648, 524, 98, 675, 382, 932, 82, 79 }
176: { 104, 132, 41, 573, 432, 811, 340, 561, 158, 2 }
177: { 839, 722, 505, 837, 985, 64, 445, 735, 871, 436 }
178: { 192, 130, 397, 867, 403, 577, 211, 167, 201, 472 }
179: { 271, 577, 642, 387, 925, 720, 311, 835, 223, 201 }
180: { 37, 796, 503, 160, 193, 520, 849, 993, 15, 632 }
181: { 606, 742, 396, 870, 351, 366, 227, 773, 618, 641 }
182: { 892, 855, 715, 355, 751, 671, 34, 293, 551, 553 }
183: { 197, 563, 58, 969, 321, 38, 109, 22, 375, 822 }
184: { 315, 895, 389, 373, 725, 254, 287, 299, 662, 476 }
185: { 610, 59, 954, 336, 443, 829, 299, 254, 105, 5 }
186: { 769, 463, 467, 911, 506, 302, 793, 658, 647, 93 }
187: { 842, 441, 828, 875, 468, 523, 710, 380, 992, 297 }
188: { 242, 582, 210, 17, 569, 361, 173, 260, 770, 518 }
189: { 673, 379, 384, 721, 566, 979, 646, 916, 959, 413 }
190: { 202, 867, 877, 387, 577, 30, 234, 517, 179, 178 }
191: { 746, 328, 255, 591, 367, 787, 94, 551, 944, 950 }
192: { 403, 397, 178, 867, 130, 488, 211, 202, 577, 904 }
193: { 520, 15, 180, 849, 37, 993, 796, 160, 503, 632 }
194: { 401, 163, 556, 27, 129, 155, 356, 803, 529, 912 }
195: { 364, 858, 891, 66, 36, 546, 851, 600, 414, 95 }
196: { 688, 114, 12, 689, 824, 234, 363, 881, 880, 517 }
197: { 183, 321, 802, 563, 22, 969, 935, 58, 676, 398 }
198: { 968, 489, 245, 537, 238, 392, 624, 487, 768, 470 }
199: { 753, 262, 204, 297, 75, 992, 885, 710, 239, 464 }
200: { 593, 620, 580, 778, 368, 866, 565, 951, 73, 309 }
201: { 472, 720, 130, 271, 810, 835, 577, 178, 246, 167 }
202: { 877, 190, 867, 517, 67, 577, 192, 403, 178, 689 }
203: { 988, 634, 307, 500, 102, 708, 445, 64, 263, 339 }
204: { 239, 393, 31, 75, 753, 322, 199, 821, 262, 94 }
205: { 852, 354, 61, 691, 269, 386, 527, 920, 525, 265 }
206: { 574, 314, 256, 156, 976, 510, 428, 683, 838, 933 }
207: { 370, 84, 756, 748, 77, 763, 514, 946, 762, 617 }
208: { 599, 771, 483, 997, 564, 400, 154, 896, 781, 335 }
209: { 142, 486, 275, 663, 898, 261, 803, 394, 791, 869 }
210: { 242, 17, 188, 361, 770, 462, 582, 260, 569, 11 }
211: { 167, 130, 810, 178, 397, 77, 192, 472, 282, 488 }
212: { 651, 139, 957, 999, 934, 133, 864, 140, 724, 745 }
213: { 343, 777, 916, 460, 979, 758, 959, 481, 407, 728 }
214: { 385, 55, 723, 783, 761, 819, 635, 161, 28, 264 }
215: { 9, 590, 744, 674, 80, 409, 371, 50, 949, 342 }
216: { 87, 104, 792, 252, 132, 54, 374, 143, 432, 405 }
217: { 784, 438, 731, 568, 960, 690, 310, 628, 581, 557 }
218: { 994, 506, 141, 668, 978, 861, 126, 793, 334, 463 }
219: { 888, 831, 477, 390, 910, 81, 583, 115, 295, 908 }
220: { 498, 338, 326, 984, 865, 739, 488, 420, 507, 211 }
221: { 589, 32, 521, 782, 327, 694, 306, 716, 320, 786 }
222: { 612, 499, 952, 511, 278, 690, 943, 457, 795, 729 }
223: { 304, 929, 734, 642, 100, 516, 113, 387, 879, 179 }
224: { 111, 398, 430, 22, 147, 480, 969, 935, 618, 423 }
225: { 621, 652, 972, 40, 467, 769, 241, 982, 93, 424 }
226: { 422, 110, 490, 13, 290, 954, 454, 805, 592, 172 }
227: { 773, 641, 870, 823, 366, 584, 267, 740, 717, 396 }
228: { 345, 785, 893, 691, 25, 965, 825, 286, 269, 655 }
229: { 670, 958, 800, 937, 832, 889, 587, 65, 144, 410 }
230: { 103, 776, 545, 686, 404, 266, 317, 8, 598, 827 }
231: { 78, 322, 239, 75, 915, 19, 613, 297, 944, 913 }
232: { 712, 349, 790, 680, 388, 531, 309, 381, 719, 681 }
233: { 932, 79, 405, 648, 663, 493, 898, 137, 639, 98 }
234: { 824, 196, 688, 21, 30, 12, 114, 190, 880, 877 }
235: { 14, 664, 942, 490, 172, 418, 110, 805, 474, 592 }
236: { 798, 3, 174, 243, 853, 136, 622, 881, 303, 363 }
237: { 513, 455, 669, 886, 300, 872, 41, 561, 814, 811 }
238: { 245, 198, 489, 968, 537, 508, 273, 365, 325, 683 }
239: { 75, 322, 204, 231, 31, 78, 393, 753, 262, 297 }
240: { 138, 51, 894, 534, 272, 650, 165, 868, 76, 921 }
241: { 40, 972, 652, 982, 621, 367, 801, 424, 225, 695 }
242: { 210, 188, 17, 582, 569, 260, 361, 462, 770, 173 }
243: { 174, 622, 3, 881, 236, 798, 605, 363, 853, 679 }
244: { 682, 679, 605, 750, 152, 622, 243, 363, 560, 881 }
245: { 198, 968, 489, 238, 537, 487, 392, 35, 325, 273 }
246: { 967, 835, 720, 918, 703, 311, 713, 472, 843, 201 }
247: { 292, 529, 356, 330, 119, 433, 168, 775, 401, 140 }
248: { 73, 62, 938, 937, 800, 778, 866, 832, 587, 65 }
249: { 436, 607, 319, 533, 445, 854, 985, 72, 352, 339 }
250: { 649, 372, 146, 926, 907, 949, 371, 342, 674, 939 }
251: { 760, 501, 815, 595, 659, 46, 107, 603, 876, 471 }
252: { 87, 54, 792, 169, 216, 374, 873, 104, 56, 981 }
253: { 548, 93, 456, 540, 544, 990, 903, 961, 467, 463 }
254: { 299, 59, 725, 895, 373, 185, 610, 5, 476, 389 }
255: { 328, 746, 191, 944, 787, 591, 551, 94, 322, 20 }
256: { 428, 156, 609, 206, 314, 976, 74, 574, 134, 802 }
257: { 553, 950, 787, 591, 551, 121, 182, 671, 855, 746 }
258: { 435, 69, 49, 844, 736, 995, 809, 685, 847, 956 }
259: { 955, 889, 439, 144, 670, 914, 550, 229, 958, 106 }
260: { 17, 569, 242, 210, 462, 188, 582, 106, 361, 770 }
261: { 394, 975, 209, 814, 275, 142, 886, 803, 155, 573 }
262: { 199, 297, 753, 992, 710, 75, 204, 239, 468, 231 }
263: { 656, 500, 64, 634, 871, 518, 576, 127, 203, 988 }
264: { 856, 28, 757, 281, 783, 385, 214, 108, 558, 426 }
265: { 525, 386, 417, 727, 861, 126, 848, 406, 764, 793 }
266: { 776, 598, 317, 913, 230, 915, 613, 19, 686, 103 }
267: { 584, 823, 641, 740, 89, 717, 227, 773, 681, 636 }
268: { 482, 850, 611, 23, 11, 770, 170, 361, 887, 535 }
269: { 920, 285, 354, 61, 727, 852, 691, 386, 228, 205 }
270: { 647, 7, 302, 665, 92, 769, 767, 225, 695, 402 }
271: { 720, 179, 835, 201, 925, 577, 311, 642, 472, 967 }
272: { 437, 96, 509, 318, 240, 868, 894, 931, 138, 921 }
273: { 508, 510, 838, 683, 325, 666, 238, 625, 411, 245 }
274: { 863, 450, 416, 608, 745, 344, 45, 133, 284, 957 }
275: { 663, 209, 394, 2, 898, 142, 261, 432, 573, 486 }
276: { 120, 301, 346, 900, 124, 427, 522, 42, 144, 738 }
277: { 10, 70, 963, 90, 569, 408, 964, 730, 289, 260 }
278: { 952, 635, 499, 806, 804, 761, 628, 161, 819, 222 }
279: { 945, 68, 6, 289, 964, 514, 963, 602, 763, 820 }
280: { 415, 107, 595, 603, 941, 659, 44, 63, 465, 575 }
281: { 426, 856, 108, 264, 28, 440, 709, 121, 757, 826 }
282: { 843, 810, 77, 472, 167, 703, 130, 201, 246, 211 }
283: { 340, 811, 561, 806, 41, 872, 158, 300, 819, 669 }
284: { 360, 45, 601, 608, 523, 828, 441, 450, 875, 452 }
285: { 159, 920, 658, 727, 269, 911, 402, 386, 417, 265 }
286: { 655, 785, 345, 418, 664, 228, 25, 474, 893, 965 }
287: { 5, 895, 299, 117, 254, 59, 315, 336, 185, 184 }
288: { 411, 962, 976, 822, 808, 563, 666, 625, 838, 314 }
289: { 964, 6, 279, 963, 945, 68, 661, 408, 763, 514 }
290: { 13, 592, 16, 105, 359, 947, 226, 399, 490, 954 }
291: { 732, 677, 653, 597, 15, 849, 313, 874, 919, 308 }
292: { 529, 356, 247, 119, 401, 330, 27, 556, 140, 129 }
293: { 751, 541, 892, 775, 459, 855, 774, 168, 928, 182 }
294: { 53, 57, 899, 640, 743, 623, 684, 908, 766, 910 }
295: { 908, 831, 219, 888, 57, 477, 390, 910, 53, 81 }
296: { 747, 162, 33, 448, 845, 966, 26, 575, 615, 414 }
297: { 992, 710, 262, 75, 19, 915, 199, 78, 231, 239 }
298: { 131, 497, 631, 643, 950, 695, 424, 767, 982, 24 }
299: { 5, 59, 254, 287, 895, 185, 336, 610, 443, 954 }
300: { 669, 872, 455, 561, 237, 41, 513, 811, 886, 340 }
301: { 346, 276, 120, 144, 439, 229, 900, 889, 410, 259 }
302: { 647, 769, 7, 270, 911, 186, 92, 402, 658, 467 }
303: { 689, 798, 3, 236, 329, 174, 114, 517, 853, 881 }
304: { 223, 929, 113, 516, 549, 734, 100, 879, 347, 642 }
305: { 469, 464, 759, 502, 903, 990, 544, 753, 765, 199 }
306: { 32, 700, 320, 696, 521, 589, 221, 413, 646, 721 }
307: { 988, 203, 102, 634, 173, 500, 145, 518, 708, 70 }
308: { 874, 919, 901, 713, 597, 352, 653, 967, 72, 918 }
309: { 951, 680, 531, 790, 410, 587, 349, 73, 832, 712 }
310: { 581, 897, 217, 571, 847, 419, 555, 809, 341, 690 }
311: { 925, 835, 967, 720, 642, 271, 246, 901, 179, 734 }
312: { 702, 425, 833, 735, 43, 496, 840, 313, 985, 837 }
313: { 72, 854, 533, 425, 352, 702, 312, 597, 319, 308 }
314: { 976, 206, 156, 838, 256, 574, 428, 411, 666, 510 }
315: { 184, 895, 373, 389, 254, 287, 725, 299, 5, 59 }
316: { 542, 71, 570, 953, 519, 97, 924, 399, 789, 333 }
317: { 613, 686, 776, 266, 404, 230, 913, 78, 103, 718 }
318: { 857, 931, 868, 509, 768, 272, 487, 437, 917, 350 }
319: { 249, 533, 607, 854, 436, 352, 72, 445, 339, 638 }
320: { 696, 306, 32, 576, 221, 700, 589, 646, 521, 413 }
321: { 676, 802, 197, 935, 536, 183, 398, 22, 74, 969 }
322: { 239, 231, 75, 78, 31, 204, 944, 393, 613, 94 }
323: { 414, 465, 36, 575, 33, 845, 603, 747, 296, 107 }
324: { 429, 479, 882, 939, 342, 933, 409, 50, 817, 447 }
325: { 683, 510, 447, 35, 817, 574, 933, 273, 206, 508 }
326: { 220, 498, 984, 739, 338, 865, 507, 906, 788, 820 }
327: { 694, 782, 716, 221, 512, 589, 451, 786, 127, 521 }
328: { 255, 746, 191, 944, 787, 591, 94, 551, 367, 322 }
329: { 39, 67, 779, 303, 904, 517, 798, 689, 136, 853 }
330: { 140, 356, 247, 292, 556, 529, 401, 934, 724, 433 }
331: { 813, 557, 485, 568, 977, 337, 784, 960, 628, 332 }
332: { 554, 977, 594, 685, 813, 331, 558, 24, 337, 557 }
333: { 953, 16, 105, 829, 542, 316, 97, 399, 13, 290 }
334: { 978, 668, 141, 126, 218, 406, 848, 994, 51, 165 }
335: { 998, 896, 400, 564, 154, 515, 771, 122, 451, 208 }
336: { 443, 185, 610, 954, 829, 59, 299, 105, 5, 254 }
337: { 558, 161, 485, 557, 804, 757, 977, 331, 568, 813 }
338: { 220, 498, 326, 488, 865, 984, 420, 739, 904, 397 }
339: { 708, 1000, 638, 946, 617, 607, 123, 772, 762, 319 }
340: { 811, 561, 158, 283, 41, 176, 300, 872, 669, 104 }
341: { 555, 897, 571, 310, 419, 581, 729, 847, 348, 627 }
342: { 939, 409, 926, 324, 429, 649, 479, 907, 674, 949 }
343: { 213, 777, 460, 916, 758, 979, 959, 481, 755, 407 }
344: { 657, 602, 820, 906, 416, 957, 68, 507, 274, 788 }
345: { 785, 228, 25, 893, 965, 286, 474, 655, 825, 552 }
346: { 301, 144, 276, 439, 120, 106, 955, 522, 259, 889 }
347: { 549, 113, 304, 100, 878, 516, 929, 879, 989, 734 }
348: { 627, 847, 809, 419, 995, 83, 69, 844, 581, 258 }
349: { 712, 232, 790, 680, 531, 309, 388, 951, 410, 719 }
350: { 473, 768, 392, 868, 857, 470, 624, 99, 318, 765 }
351: { 396, 742, 606, 870, 181, 38, 797, 717, 618, 227 }
352: { 854, 72, 533, 319, 713, 308, 313, 918, 249, 874 }
353: { 567, 596, 585, 629, 149, 91, 974, 150, 697, 48 }
354: { 852, 205, 61, 269, 691, 386, 920, 727, 525, 265 }
355: { 715, 34, 20, 892, 182, 718, 751, 827, 404, 551 }
356: { 529, 292, 401, 556, 247, 330, 27, 119, 140, 129 }
357: { 157, 841, 812, 458, 973, 47, 704, 733, 667, 18 }
358: { 136, 150, 853, 48, 697, 532, 629, 149, 562, 596 }
359: { 947, 592, 399, 971, 290, 13, 16, 444, 789, 105 }
360: { 284, 45, 601, 523, 608, 828, 441, 875, 450, 452 }
361: { 770, 11, 210, 242, 482, 188, 462, 17, 268, 850 }
362: { 987, 128, 52, 890, 614, 491, 726, 547, 56, 442 }
363: { 881, 622, 174, 605, 114, 12, 243, 3, 688, 152 }
364: { 195, 891, 858, 36, 66, 851, 414, 546, 600, 95 }
365: { 970, 171, 391, 508, 238, 446, 273, 752, 625, 644 }
366: { 773, 870, 227, 641, 181, 823, 606, 396, 742, 351 }
367: { 241, 982, 191, 801, 40, 746, 643, 94, 424, 695 }
368: { 580, 620, 565, 593, 200, 60, 951, 376, 528, 752 }
369: { 923, 576, 384, 673, 566, 871, 505, 379, 112, 722 }
370: { 207, 84, 756, 77, 748, 762, 946, 763, 123, 617 }
371: { 674, 949, 744, 590, 215, 649, 250, 146, 926, 342 }
372: { 907, 250, 649, 926, 146, 949, 96, 342, 939, 917 }
373: { 389, 725, 476, 662, 254, 184, 116, 315, 895, 454 }
374: { 792, 143, 82, 981, 600, 87, 216, 98, 996, 405 }
375: { 109, 822, 58, 563, 962, 183, 288, 135, 528, 376 }
376: { 528, 60, 962, 151, 808, 368, 752, 565, 719, 580 }
377: { 1, 83, 117, 829, 443, 336, 5, 348, 333, 627 }
378: { 442, 795, 547, 614, 526, 726, 128, 52, 987, 158 }
379: { 673, 384, 189, 721, 646, 566, 413, 369, 979, 959 }
380: { 875, 626, 842, 644, 452, 828, 523, 187, 441, 616 }
381: { 645, 719, 135, 712, 232, 89, 151, 790, 388, 349 }
382: { 980, 412, 137, 79, 637, 493, 749, 807, 883, 175 }
383: { 698, 737, 604, 836, 818, 741, 750, 560, 707, 152 }
384: { 379, 673, 189, 721, 646, 566, 369, 413, 696, 923 }
385: { 214, 55, 761, 783, 723, 819, 161, 635, 264, 757 }
386: { 265, 525, 727, 61, 417, 527, 852, 269, 354, 848 }
387: { 30, 190, 179, 223, 577, 867, 21, 642, 271, 202 }
388: { 681, 232, 712, 427, 349, 636, 790, 680, 381, 531 }
389: { 373, 725, 662, 476, 184, 116, 254, 315, 454, 895 }
390: { 477, 583, 115, 81, 888, 219, 831, 910, 678, 80 }
391: { 866, 171, 970, 778, 365, 593, 620, 565, 200, 616 }
392: { 350, 473, 624, 768, 470, 968, 489, 198, 537, 857 }
393: { 31, 821, 94, 204, 239, 801, 322, 75, 753, 464 }
394: { 261, 275, 573, 2, 886, 432, 209, 975, 814, 142 }
395: { 134, 88, 74, 678, 672, 609, 115, 583, 802, 81 }
396: { 742, 351, 606, 181, 870, 38, 797, 366, 227, 717 }
397: { 192, 403, 488, 178, 211, 904, 779, 130, 167, 867 }
398: { 111, 224, 430, 22, 935, 969, 147, 618, 536, 480 }
399: { 971, 789, 359, 947, 444, 542, 592, 16, 953, 316 }
400: { 154, 771, 896, 564, 483, 599, 208, 515, 335, 998 }
401: { 356, 556, 27, 529, 292, 194, 129, 119, 330, 163 }
402: { 92, 911, 7, 159, 658, 655, 647, 285, 302, 286 }
403: { 192, 397, 178, 488, 904, 779, 67, 202, 867, 877 }
404: { 686, 718, 20, 103, 317, 34, 613, 827, 230, 355 }
405: { 932, 648, 233, 98, 143, 639, 82, 79, 687, 175 }
406: { 848, 764, 126, 525, 334, 978, 668, 861, 265, 527 }
407: { 860, 125, 930, 728, 213, 916, 979, 343, 160, 927 }
408: { 90, 730, 661, 964, 914, 289, 277, 70, 10, 550 }
409: { 342, 939, 50, 429, 479, 324, 215, 674, 926, 744 }
410: { 587, 832, 531, 309, 937, 800, 73, 680, 229, 248 }
411: { 666, 838, 288, 625, 976, 808, 314, 962, 752, 156 }
412: { 883, 980, 137, 807, 493, 637, 382, 79, 449, 749 }
413: { 646, 721, 700, 306, 384, 379, 673, 481, 830, 696 }
414: { 845, 891, 323, 33, 296, 36, 747, 162, 364, 26 }
415: { 280, 595, 659, 941, 107, 63, 603, 44, 501, 815 }
416: { 344, 274, 863, 602, 657, 820, 450, 745, 906, 957 }
417: { 265, 861, 525, 126, 793, 727, 386, 848, 406, 764 }
418: { 664, 286, 655, 235, 971, 444, 785, 345, 402, 92 }
419: { 348, 627, 847, 809, 581, 555, 83, 310, 897, 995 }
420: { 991, 904, 488, 338, 779, 220, 865, 498, 4, 39 }
421: { 766, 846, 640, 684, 423, 743, 623, 153, 899, 654 }
422: { 226, 110, 454, 805, 172, 490, 494, 476, 954, 13 }
423: { 147, 480, 654, 633, 224, 111, 794, 398, 421, 846 }
424: { 695, 982, 643, 631, 767, 241, 40, 652, 298, 367 }
425: { 702, 312, 735, 43, 833, 985, 313, 496, 533, 72 }
426: { 281, 108, 856, 440, 121, 709, 264, 671, 28, 826 }
427: { 900, 124, 388, 42, 636, 681, 120, 738, 276, 232 }
428: { 256, 156, 609, 314, 976, 206, 74, 802, 134, 574 }
429: { 479, 324, 50, 409, 939, 933, 342, 882, 817, 447 }
430: { 111, 22, 224, 398, 969, 618, 797, 935, 38, 147 }
431: { 902, 738, 42, 636, 124, 900, 504, 816, 427, 681 }
432: { 2, 132, 573, 104, 176, 275, 394, 216, 405, 932 }
433: { 168, 459, 724, 8, 247, 545, 775, 541, 827, 293 }
434: { 799, 826, 905, 118, 29, 28, 108, 936, 783, 455 }
435: { 258, 69, 49, 736, 844, 995, 956, 685, 809, 847 }
436: { 249, 607, 445, 319, 985, 533, 854, 839, 177, 72 }
437: { 96, 272, 509, 931, 318, 921, 894, 868, 857, 240 }
438: { 731, 784, 960, 568, 628, 217, 557, 485, 690, 952 }
439: { 955, 259, 144, 106, 914, 889, 346, 670, 730, 301 }
440: { 108, 936, 118, 671, 426, 905, 281, 826, 799, 29 }
441: { 828, 187, 842, 875, 523, 380, 468, 452, 710, 360 }
442: { 378, 795, 547, 614, 526, 128, 726, 987, 52, 612 }
443: { 336, 829, 185, 954, 610, 59, 105, 13, 299, 333 }
444: { 971, 789, 399, 947, 359, 542, 592, 418, 316, 570 }
445: { 436, 607, 985, 249, 839, 177, 64, 634, 319, 339 }
446: { 706, 559, 714, 86, 164, 644, 970, 885, 468, 626 }
447: { 35, 817, 325, 683, 933, 882, 510, 574, 324, 429 }
448: { 966, 747, 162, 296, 33, 44, 575, 26, 615, 845 }
449: { 475, 807, 637, 412, 749, 538, 883, 562, 705, 980 }
450: { 608, 863, 274, 45, 416, 601, 284, 360, 745, 133 }
451: { 786, 512, 998, 530, 327, 122, 694, 589, 782, 221 }
452: { 523, 875, 380, 828, 441, 842, 601, 626, 187, 284 }
453: { 924, 519, 71, 956, 570, 736, 49, 316, 97, 844 }
454: { 476, 422, 116, 494, 662, 805, 226, 110, 725, 172 }
455: { 513, 237, 669, 300, 872, 886, 561, 41, 434, 811 }
456: { 253, 961, 548, 544, 93, 990, 903, 994, 506, 218 }
457: { 484, 511, 943, 612, 729, 526, 222, 690, 571, 795 }
458: { 973, 812, 733, 157, 357, 585, 18, 667, 596, 149 }
459: { 168, 433, 827, 8, 751, 293, 541, 545, 892, 775 }
460: { 959, 758, 481, 343, 916, 777, 979, 213, 755, 721 }
461: { 616, 938, 626, 62, 884, 248, 644, 65, 380, 866 }
462: { 17, 210, 361, 770, 242, 260, 611, 482, 188, 11 }
463: { 467, 506, 93, 186, 769, 793, 218, 253, 456, 994 }
464: { 759, 305, 753, 469, 821, 199, 204, 540, 393, 990 }
465: { 603, 107, 575, 323, 501, 280, 33, 44, 747, 415 }
466: { 876, 46, 471, 754, 47, 760, 704, 841, 251, 501 }
467: { 463, 769, 93, 186, 225, 506, 253, 621, 302, 456 }
468: { 714, 187, 842, 710, 164, 885, 441, 992, 828, 875 }
469: { 305, 502, 464, 470, 759, 885, 624, 86, 164, 199 }
470: { 624, 502, 392, 537, 473, 350, 489, 765, 469, 968 }
471: { 876, 46, 47, 466, 841, 760, 501, 251, 754, 101 }
472: { 201, 130, 810, 720, 167, 282, 843, 271, 246, 178 }
473: { 350, 392, 768, 868, 765, 99, 470, 624, 857, 502 }
474: { 965, 552, 25, 785, 893, 345, 825, 228, 286, 664 }
475: { 449, 807, 637, 705, 749, 412, 538, 562, 619, 883 }
476: { 662, 116, 454, 725, 494, 373, 389, 422, 805, 254 }
477: { 390, 888, 219, 583, 115, 81, 831, 910, 678, 80 }
478: { 4, 940, 991, 586, 532, 619, 705, 163, 869, 420 }
479: { 429, 50, 324, 409, 933, 939, 342, 672, 882, 88 }
480: { 423, 147, 224, 111, 398, 430, 654, 935, 633, 22 }
481: { 959, 758, 460, 755, 916, 343, 777, 979, 721, 213 }
482: { 268, 850, 11, 611, 770, 23, 361, 170, 462, 887 }
483: { 599, 208, 154, 771, 400, 997, 564, 896, 515, 909 }
484: { 457, 526, 511, 612, 943, 222, 729, 442, 614, 795 }
485: { 557, 331, 568, 813, 337, 960, 628, 784, 438, 731 }
486: { 142, 209, 898, 663, 883, 791, 869, 493, 137, 705 }
487: { 857, 931, 768, 318, 917, 968, 882, 509, 198, 245 }
488: { 904, 397, 403, 779, 338, 192, 420, 498, 220, 211 }
489: { 198, 968, 537, 245, 392, 238, 624, 470, 768, 350 }
490: { 110, 172, 235, 226, 422, 14, 592, 805, 942, 290 }
491: { 890, 859, 873, 630, 987, 52, 56, 362, 699, 169 }
492: { 794, 153, 633, 846, 536, 654, 910, 676, 684, 766 }
493: { 137, 883, 79, 412, 980, 898, 663, 807, 382, 233 }
494: { 805, 116, 454, 662, 476, 172, 422, 110, 14, 942 }
495: { 101, 851, 667, 18, 572, 36, 858, 364, 733, 841 }
496: { 43, 840, 735, 837, 112, 923, 312, 505, 702, 833 }
497: { 131, 298, 631, 950, 643, 24, 767, 695, 424, 594 }
498: { 220, 338, 326, 984, 488, 865, 739, 211, 420, 397 }
499: { 952, 278, 222, 612, 806, 635, 804, 628, 795, 960 }
500: { 634, 263, 203, 988, 656, 64, 307, 518, 173, 445 }
501: { 251, 603, 107, 760, 595, 815, 465, 46, 659, 280 }
502: { 470, 624, 469, 305, 765, 537, 392, 473, 350, 489 }
503: { 160, 37, 796, 180, 993, 125, 930, 632, 860, 193 }
504: { 816, 781, 862, 997, 902, 431, 740, 599, 738, 208 }
505: { 722, 837, 177, 839, 496, 735, 871, 985, 64, 923 }
506: { 218, 463, 793, 994, 861, 93, 126, 467, 186, 141 }
507: { 788, 739, 85, 984, 865, 657, 864, 326, 906, 820 }
508: { 273, 838, 666, 510, 238, 683, 171, 365, 625, 325 }
509: { 931, 437, 318, 96, 917, 272, 857, 868, 487, 907 }
510: { 683, 325, 574, 273, 206, 447, 838, 35, 314, 508 }
511: { 943, 729, 457, 612, 690, 484, 222, 571, 499, 952 }
512: { 122, 535, 451, 327, 701, 694, 782, 515, 998, 23 }
513: { 237, 455, 669, 886, 300, 872, 41, 561, 814, 434 }
514: { 945, 763, 756, 279, 68, 207, 6, 602, 370, 289 }
515: { 896, 122, 701, 154, 998, 400, 335, 535, 512, 483 }
516: { 879, 929, 113, 734, 304, 878, 549, 642, 223, 347 }
517: { 877, 67, 689, 202, 303, 688, 114, 329, 196, 39 }
518: { 173, 656, 582, 188, 263, 500, 242, 569, 988, 210 }
519: { 924, 956, 97, 453, 71, 316, 570, 736, 844, 953 }
520: { 193, 15, 849, 180, 37, 796, 993, 503, 160, 632 }
521: { 589, 32, 221, 306, 700, 786, 693, 327, 320, 694 }
522: { 611, 579, 462, 170, 268, 887, 482, 276, 346, 909 }
523: { 828, 875, 441, 452, 842, 601, 187, 360, 284, 380 }
524: { 675, 687, 175, 639, 98, 572, 82, 648, 143, 851 }
525: { 265, 386, 417, 848, 406, 764, 527, 727, 126, 861 }
526: { 614, 484, 442, 128, 795, 378, 547, 457, 612, 222 }
527: { 764, 525, 406, 848, 386, 660, 265, 61, 588, 852 }
528: { 376, 60, 151, 962, 368, 808, 719, 580, 565, 752 }
529: { 292, 356, 247, 119, 401, 27, 556, 129, 330, 912 }
530: { 786, 451, 998, 693, 335, 521, 589, 830, 512, 122 }
531: { 680, 349, 410, 309, 790, 587, 712, 232, 832, 951 }
532: { 4, 358, 940, 478, 136, 48, 475, 697, 853, 449 }
533: { 854, 72, 319, 249, 352, 313, 436, 607, 425, 985 }
534: { 894, 138, 921, 76, 165, 240, 51, 948, 660, 272 }
535: { 701, 512, 122, 23, 850, 515, 268, 887, 170, 482 }
536: { 676, 935, 794, 633, 654, 321, 492, 147, 398, 153 }
537: { 489, 624, 198, 968, 470, 392, 245, 238, 502, 86 }
538: { 922, 749, 974, 562, 91, 697, 637, 48, 807, 449 }
539: { 711, 148, 29, 936, 928, 118, 912, 905, 119, 774 }
540: { 548, 253, 759, 544, 990, 903, 801, 972, 821, 456 }
541: { 775, 774, 928, 293, 148, 168, 459, 119, 433, 751 }
542: { 316, 953, 399, 570, 71, 789, 971, 333, 444, 16 }
543: { 692, 983, 880, 21, 824, 12, 234, 152, 818, 560 }
544: { 990, 903, 548, 961, 456, 253, 540, 759, 765, 93 }
545: { 8, 724, 103, 827, 230, 433, 999, 459, 168, 404 }
546: { 95, 996, 66, 981, 600, 195, 891, 364, 858, 699 }
547: { 614, 378, 442, 795, 726, 128, 52, 987, 526, 56 }
548: { 253, 544, 990, 903, 540, 456, 961, 93, 759, 994 }
549: { 347, 113, 304, 516, 878, 929, 879, 734, 100, 223 }
550: { 914, 661, 259, 955, 730, 889, 408, 670, 439, 90 }
551: { 787, 591, 553, 257, 34, 355, 182, 20, 255, 746 }
552: { 965, 825, 25, 893, 474, 785, 345, 228, 691, 286 }
553: { 257, 551, 121, 787, 182, 671, 855, 950, 591, 715 }
554: { 594, 332, 685, 24, 977, 49, 709, 813, 331, 435 }
555: { 341, 897, 419, 310, 581, 571, 847, 348, 627, 809 }
556: { 401, 356, 163, 194, 140, 330, 529, 292, 27, 247 }
557: { 485, 331, 568, 813, 337, 960, 628, 784, 438, 731 }
558: { 757, 337, 161, 977, 485, 385, 557, 264, 804, 761 }
559: { 86, 706, 164, 446, 714, 885, 537, 468, 469, 970 }
560: { 750, 836, 152, 818, 604, 682, 383, 741, 880, 698 }
561: { 811, 41, 300, 340, 872, 669, 283, 176, 237, 455 }
562: { 91, 974, 538, 697, 922, 48, 749, 637, 449, 475 }
563: { 822, 375, 109, 183, 288, 197, 58, 962, 802, 156 }
564: { 771, 400, 154, 208, 599, 896, 483, 335, 997, 515 }
565: { 620, 368, 593, 580, 752, 200, 60, 808, 171, 778 }
566: { 923, 112, 673, 189, 379, 384, 369, 721, 840, 496 }
567: { 353, 91, 974, 585, 596, 629, 922, 697, 733, 562 }
568: { 960, 784, 628, 438, 731, 557, 485, 331, 217, 813 }
569: { 582, 260, 242, 188, 17, 173, 210, 10, 277, 70 }
570: { 71, 316, 542, 665, 924, 453, 519, 789, 953, 97 }
571: { 729, 690, 897, 943, 310, 511, 217, 341, 581, 555 }
572: { 851, 675, 524, 495, 858, 18, 667, 687, 175, 66 }
573: { 2, 432, 394, 132, 176, 275, 886, 41, 104, 669 }
574: { 206, 510, 314, 683, 933, 325, 256, 156, 976, 447 }
575: { 465, 33, 44, 747, 296, 603, 966, 107, 448, 162 }
576: { 871, 696, 320, 369, 722, 505, 263, 64, 306, 177 }
577: { 867, 271, 179, 190, 178, 201, 130, 202, 387, 720 }
578: { 864, 934, 85, 140, 788, 507, 330, 163, 212, 651 }
579: { 887, 909, 170, 522, 611, 268, 482, 701, 850, 23 }
580: { 368, 620, 200, 593, 565, 951, 60, 778, 151, 866 }
581: { 310, 897, 847, 217, 809, 419, 627, 348, 571, 784 }
582: { 188, 569, 242, 173, 210, 518, 17, 260, 361, 770 }
583: { 115, 81, 390, 477, 678, 888, 219, 80, 831, 910 }
584: { 267, 823, 641, 89, 717, 227, 740, 773, 681, 636 }
585: { 596, 149, 629, 353, 150, 567, 733, 973, 458, 812 }
586: { 991, 478, 163, 940, 4, 194, 578, 556, 420, 864 }
587: { 410, 832, 937, 800, 73, 531, 309, 229, 248, 680 }
588: { 948, 780, 660, 527, 76, 834, 921, 534, 165, 764 }
589: { 521, 32, 221, 306, 786, 700, 327, 694, 782, 320 }
590: { 215, 744, 9, 674, 371, 80, 949, 409, 50, 81 }
591: { 787, 746, 191, 551, 257, 950, 255, 328, 553, 298 }
592: { 359, 947, 290, 13, 16, 399, 971, 490, 105, 226 }
593: { 200, 620, 580, 778, 866, 565, 368, 951, 391, 752 }
594: { 554, 24, 332, 685, 709, 977, 121, 131, 497, 49 }
595: { 659, 415, 815, 280, 251, 501, 107, 603, 63, 760 }
596: { 629, 585, 149, 353, 150, 567, 48, 697, 733, 91 }
597: { 653, 874, 919, 308, 677, 732, 901, 313, 291, 72 }
598: { 266, 776, 230, 913, 317, 915, 19, 133, 103, 360 }
599: { 208, 483, 771, 997, 564, 400, 154, 896, 781, 515 }
600: { 981, 996, 66, 374, 858, 546, 792, 95, 82, 143 }
601: { 45, 284, 360, 608, 523, 452, 450, 828, 441, 875 }
602: { 820, 906, 344, 657, 68, 416, 945, 279, 514, 507 }
603: { 107, 465, 501, 280, 575, 415, 595, 251, 44, 323 }
604: { 818, 737, 383, 698, 836, 560, 750, 741, 983, 152 }
605: { 679, 244, 622, 682, 363, 881, 243, 174, 152, 3 }
606: { 181, 742, 396, 351, 870, 618, 797, 366, 38, 227 }
607: { 249, 436, 445, 319, 339, 985, 533, 854, 638, 839 }
608: { 450, 45, 863, 274, 601, 284, 360, 745, 416, 523 }
609: { 74, 134, 428, 256, 395, 802, 156, 672, 88, 206 }
610: { 954, 185, 336, 59, 443, 829, 226, 105, 254, 13 }
611: { 268, 482, 850, 770, 11, 170, 522, 462, 361, 887 }
612: { 222, 511, 499, 457, 943, 952, 484, 690, 729, 795 }
613: { 317, 686, 944, 404, 78, 231, 776, 266, 20, 718 }
614: { 547, 442, 378, 128, 795, 526, 987, 726, 52, 362 }
615: { 26, 162, 296, 845, 747, 33, 448, 966, 414, 575 }
616: { 461, 938, 626, 62, 644, 884, 248, 65, 380, 866 }
617: { 946, 1000, 708, 748, 339, 84, 638, 102, 123, 145 }
618: { 797, 969, 430, 22, 38, 111, 224, 398, 606, 742 }
619: { 705, 869, 791, 940, 475, 449, 486, 803, 807, 142 }
620: { 565, 593, 368, 580, 200, 778, 866, 752, 60, 951 }
621: { 652, 225, 972, 40, 241, 982, 424, 467, 695, 769 }
622: { 881, 174, 243, 363, 3, 605, 236, 679, 114, 798 }
623: { 743, 899, 684, 766, 640, 846, 57, 153, 910, 294 }
624: { 470, 392, 502, 537, 489, 473, 968, 350, 198, 765 }
625: { 808, 752, 666, 411, 838, 171, 565, 288, 60, 962 }
626: { 644, 616, 461, 380, 938, 970, 452, 875, 446, 884 }
627: { 348, 847, 809, 995, 419, 83, 69, 844, 581, 258 }
628: { 960, 568, 438, 731, 784, 485, 804, 557, 952, 337 }
629: { 596, 149, 585, 150, 353, 567, 48, 697, 358, 91 }
630: { 859, 491, 890, 699, 873, 95, 362, 987, 546, 52 }
631: { 643, 298, 497, 131, 695, 424, 767, 982, 950, 367 }
632: { 993, 160, 503, 125, 927, 37, 180, 193, 930, 860 }
633: { 794, 654, 153, 492, 536, 147, 846, 676, 935, 423 }
634: { 203, 500, 988, 64, 307, 263, 445, 656, 102, 839 }
635: { 761, 804, 278, 161, 385, 55, 819, 214, 806, 723 }
636: { 681, 42, 738, 427, 431, 388, 124, 902, 900, 267 }
637: { 807, 749, 449, 412, 980, 475, 538, 883, 922, 382 }
638: { 123, 772, 762, 339, 1000, 946, 708, 617, 703, 918 }
639: { 98, 648, 687, 175, 82, 405, 932, 524, 675, 143 }
640: { 743, 899, 684, 623, 766, 294, 53, 846, 421, 57 }
641: { 773, 227, 823, 366, 870, 584, 740, 267, 717, 89 }
642: { 734, 925, 929, 311, 879, 179, 223, 516, 835, 271 }
643: { 631, 695, 424, 298, 982, 497, 131, 767, 367, 241 }
644: { 626, 380, 446, 616, 970, 461, 714, 706, 842, 468 }
645: { 381, 135, 719, 151, 89, 717, 528, 109, 375, 376 }
646: { 721, 413, 384, 379, 673, 700, 189, 306, 696, 320 }
647: { 302, 7, 270, 92, 911, 769, 402, 186, 658, 159 }
648: { 639, 98, 405, 932, 687, 175, 233, 82, 143, 79 }
649: { 250, 926, 372, 907, 949, 146, 342, 939, 674, 371 }
650: { 99, 51, 994, 141, 961, 240, 334, 668, 978, 765 }
651: { 212, 139, 957, 999, 934, 133, 745, 864, 578, 140 }
652: { 621, 40, 972, 225, 241, 982, 424, 695, 367, 801 }
653: { 597, 874, 919, 677, 308, 901, 732, 291, 313, 878 }
654: { 633, 794, 147, 423, 536, 153, 935, 492, 846, 676 }
655: { 286, 418, 345, 785, 402, 664, 228, 159, 285, 658 }
656: { 263, 518, 500, 127, 166, 173, 634, 582, 988, 188 }
657: { 344, 820, 906, 602, 957, 507, 416, 788, 739, 85 }
658: { 159, 911, 285, 402, 920, 727, 186, 647, 92, 302 }
659: { 595, 415, 815, 280, 251, 63, 501, 107, 941, 760 }
660: { 76, 165, 948, 764, 588, 527, 406, 848, 534, 51 }
661: { 408, 964, 730, 550, 90, 289, 6, 914, 279, 963 }
662: { 116, 476, 454, 725, 494, 373, 389, 422, 805, 254 }
663: { 898, 275, 493, 486, 79, 209, 233, 137, 883, 142 }
664: { 418, 235, 286, 655, 785, 345, 474, 490, 14, 942 }
665: { 570, 71, 270, 789, 453, 924, 316, 542, 444, 7 }
666: { 838, 411, 625, 808, 976, 288, 508, 752, 314, 273 }
667: { 18, 733, 495, 101, 572, 458, 851, 567, 973, 357 }
668: { 978, 141, 334, 218, 126, 994, 848, 861, 406, 764 }
669: { 237, 513, 300, 455, 886, 872, 41, 561, 811, 573 }
670: { 889, 958, 229, 259, 65, 955, 144, 800, 884, 937 }
671: { 855, 440, 182, 553, 293, 751, 892, 426, 108, 715 }
672: { 88, 134, 395, 74, 609, 678, 50, 256, 479, 428 }
673: { 379, 384, 189, 721, 646, 566, 369, 413, 979, 923 }
674: { 744, 371, 949, 215, 590, 649, 409, 342, 250, 926 }
675: { 524, 687, 175, 639, 572, 98, 82, 648, 851, 143 }
676: { 536, 935, 321, 794, 633, 802, 492, 654, 398, 197 }
677: { 653, 878, 597, 291, 919, 874, 879, 732, 901, 516 }
678: { 115, 583, 395, 88, 81, 390, 672, 134, 477, 74 }
679: { 244, 605, 682, 622, 243, 363, 881, 174, 152, 750 }
680: { 790, 349, 531, 712, 232, 309, 951, 410, 587, 388 }
681: { 388, 636, 427, 232, 712, 267, 584, 349, 381, 42 }
682: { 244, 679, 605, 750, 152, 560, 836, 622, 741, 363 }
683: { 325, 510, 447, 35, 574, 817, 933, 273, 206, 508 }
684: { 766, 623, 743, 846, 899, 640, 153, 57, 910, 421 }
685: { 554, 49, 594, 332, 24, 435, 736, 258, 977, 69 }
686: { 404, 718, 317, 613, 103, 20, 230, 34, 776, 827 }
687: { 175, 639, 524, 648, 98, 675, 382, 82, 932, 405 }
688: { 196, 114, 12, 689, 824, 363, 234, 881, 880, 517 }
689: { 303, 114, 517, 688, 196, 877, 3, 67, 881, 798 }
690: { 729, 731, 571, 438, 217, 943, 511, 784, 960, 222 }
691: { 228, 354, 893, 269, 852, 205, 825, 25, 965, 345 }
692: { 543, 983, 21, 880, 824, 234, 12, 818, 152, 560 }
693: { 830, 521, 700, 786, 589, 32, 413, 530, 306, 755 }
694: { 327, 782, 716, 221, 512, 589, 127, 451, 786, 32 }
695: { 424, 643, 982, 631, 767, 298, 241, 652, 40, 367 }
696: { 320, 306, 576, 32, 700, 646, 413, 221, 369, 384 }
697: { 48, 562, 91, 974, 538, 922, 749, 150, 353, 358 }
698: { 383, 737, 604, 836, 741, 818, 750, 707, 560, 682 }
699: { 630, 859, 95, 491, 546, 873, 890, 996, 615, 26 }
700: { 306, 413, 32, 521, 646, 589, 696, 320, 693, 830 }
701: { 122, 535, 515, 512, 887, 170, 896, 909, 23, 998 }
702: { 425, 312, 735, 833, 43, 496, 840, 313, 985, 837 }
703: { 918, 843, 772, 762, 246, 123, 282, 713, 638, 810 }
704: { 754, 707, 466, 157, 357, 876, 841, 47, 46, 471 }
705: { 619, 869, 791, 475, 940, 449, 486, 807, 883, 142 }
706: { 559, 86, 164, 714, 446, 885, 468, 644, 970, 469 }
707: { 704, 741, 698, 383, 754, 737, 836, 157, 750, 604 }
708: { 1000, 617, 946, 339, 748, 638, 102, 123, 762, 84 }
709: { 121, 426, 281, 594, 856, 757, 554, 264, 332, 977 }
710: { 992, 297, 262, 19, 187, 468, 915, 441, 199, 75 }
711: { 539, 912, 29, 148, 119, 129, 814, 936, 975, 928 }
712: { 232, 349, 790, 680, 388, 531, 309, 381, 719, 951 }
713: { 918, 352, 308, 703, 246, 967, 874, 919, 901, 772 }
714: { 164, 706, 885, 446, 559, 86, 468, 644, 842, 187 }
715: { 355, 892, 182, 751, 34, 718, 855, 20, 827, 293 }
716: { 782, 694, 127, 327, 166, 221, 512, 23, 589, 535 }
717: { 89, 135, 823, 584, 267, 645, 870, 227, 351, 381 }
718: { 404, 20, 34, 686, 355, 827, 715, 103, 892, 317 }
719: { 151, 381, 645, 528, 951, 376, 790, 60, 712, 580 }
720: { 835, 201, 271, 311, 472, 246, 967, 925, 179, 130 }
721: { 646, 379, 413, 384, 673, 189, 959, 481, 979, 700 }
722: { 505, 177, 839, 837, 64, 871, 985, 369, 735, 576 }
723: { 55, 214, 783, 819, 385, 761, 28, 635, 872, 264 }
724: { 545, 433, 8, 168, 999, 459, 247, 827, 330, 103 }
725: { 373, 389, 476, 254, 662, 454, 116, 59, 895, 184 }
726: { 52, 56, 169, 987, 547, 378, 158, 614, 54, 442 }
727: { 265, 386, 417, 285, 920, 525, 269, 793, 159, 61 }
728: { 407, 986, 927, 860, 125, 213, 930, 343, 777, 916 }
729: { 943, 511, 571, 690, 457, 612, 222, 484, 217, 897 }
730: { 90, 408, 914, 661, 106, 550, 955, 439, 964, 259 }
731: { 438, 784, 960, 568, 628, 217, 557, 690, 485, 952 }
732: { 291, 597, 653, 849, 313, 15, 677, 833, 72, 874 }
733: { 458, 18, 667, 973, 585, 812, 567, 353, 596, 149 }
734: { 929, 879, 516, 642, 113, 304, 223, 925, 549, 878 }
735: { 43, 425, 702, 312, 837, 496, 985, 505, 177, 839 }
736: { 49, 435, 844, 956, 69, 258, 453, 924, 519, 995 }
737: { 604, 698, 383, 818, 836, 741, 560, 750, 707, 983 }
738: { 42, 431, 902, 124, 900, 636, 427, 681, 120, 388 }
739: { 984, 507, 865, 788, 85, 326, 220, 338, 657, 864 }
740: { 862, 641, 267, 816, 584, 823, 773, 227, 504, 366 }
741: { 836, 750, 383, 698, 707, 737, 560, 604, 682, 818 }
742: { 396, 351, 606, 181, 870, 38, 797, 618, 366, 227 }
743: { 623, 899, 684, 640, 766, 57, 846, 294, 153, 910 }
744: { 674, 371, 590, 215, 949, 9, 409, 342, 649, 939 }
745: { 133, 139, 274, 999, 957, 863, 651, 416, 212, 450 }
746: { 191, 328, 255, 591, 787, 551, 367, 944, 94, 257 }
747: { 296, 33, 162, 448, 966, 575, 845, 44, 26, 615 }
748: { 617, 946, 84, 1000, 145, 708, 102, 763, 370, 207 }
749: { 538, 922, 637, 974, 562, 91, 807, 697, 449, 382 }
750: { 836, 560, 741, 682, 152, 383, 244, 698, 604, 818 }
751: { 892, 293, 715, 855, 182, 459, 827, 355, 541, 168 }
752: { 808, 625, 565, 60, 171, 620, 368, 376, 666, 580 }
753: { 199, 262, 204, 75, 464, 239, 297, 393, 31, 992 }
754: { 704, 466, 876, 707, 46, 471, 47, 841, 357, 760 }
755: { 758, 481, 959, 460, 777, 830, 343, 413, 916, 979 }
756: { 207, 370, 514, 84, 763, 77, 326, 945, 748, 906 }
757: { 558, 264, 856, 337, 161, 385, 28, 214, 783, 761 }
758: { 481, 460, 959, 777, 755, 343, 916, 979, 213, 721 }
759: { 464, 305, 540, 990, 903, 544, 548, 469, 821, 753 }
760: { 251, 815, 46, 501, 466, 876, 471, 595, 659, 107 }
761: { 635, 385, 214, 55, 161, 819, 804, 723, 783, 278 }
762: { 123, 772, 638, 703, 946, 1000, 339, 617, 918, 84 }
763: { 514, 145, 963, 945, 748, 84, 207, 756, 279, 370 }
764: { 406, 848, 527, 525, 126, 660, 334, 265, 978, 76 }
765: { 99, 473, 961, 470, 502, 903, 350, 990, 544, 650 }
766: { 684, 846, 623, 743, 153, 899, 640, 421, 633, 794 }
767: { 695, 631, 643, 424, 497, 298, 131, 982, 270, 24 }
768: { 350, 857, 868, 473, 392, 318, 487, 931, 968, 198 }
769: { 186, 467, 302, 463, 647, 225, 911, 93, 621, 7 }
770: { 361, 11, 482, 210, 268, 850, 611, 462, 242, 23 }
771: { 564, 208, 400, 599, 154, 483, 896, 997, 335, 515 }
772: { 123, 762, 638, 703, 918, 1000, 339, 946, 617, 708 }
773: { 227, 641, 366, 870, 823, 584, 740, 267, 717, 396 }
774: { 928, 775, 541, 148, 293, 119, 168, 539, 247, 459 }
775: { 541, 774, 928, 148, 168, 293, 119, 459, 247, 433 }
776: { 266, 598, 317, 230, 913, 686, 103, 613, 404, 915 }
777: { 343, 213, 460, 758, 481, 959, 916, 979, 755, 407 }
778: { 866, 593, 200, 620, 248, 391, 73, 580, 565, 368 }
779: { 904, 39, 67, 329, 403, 488, 397, 420, 192, 517 }
780: { 588, 948, 834, 921, 660, 534, 894, 76, 138, 527 }
781: { 997, 504, 816, 208, 599, 862, 483, 771, 564, 902 }
782: { 694, 327, 716, 221, 127, 589, 512, 32, 166, 521 }
783: { 723, 214, 55, 385, 28, 819, 761, 264, 856, 799 }
784: { 438, 731, 568, 960, 628, 217, 557, 485, 331, 690 }
785: { 345, 228, 25, 893, 965, 286, 474, 655, 825, 552 }
786: { 451, 530, 589, 521, 221, 327, 694, 32, 693, 512 }
787: { 591, 551, 746, 257, 255, 191, 328, 553, 950, 34 }
788: { 507, 85, 739, 984, 865, 864, 657, 578, 957, 934 }
789: { 444, 971, 399, 542, 359, 947, 316, 570, 665, 71 }
790: { 680, 349, 712, 232, 531, 309, 951, 719, 388, 410 }
791: { 869, 705, 619, 486, 142, 475, 940, 803, 449, 209 }
792: { 374, 87, 252, 216, 143, 981, 600, 82, 996, 54 }
793: { 861, 126, 417, 506, 218, 265, 463, 978, 668, 727 }
794: { 633, 492, 654, 153, 536, 846, 676, 147, 935, 766 }
795: { 442, 378, 547, 614, 526, 612, 222, 499, 128, 726 }
796: { 37, 180, 503, 160, 840, 930, 849, 993, 193, 520 }
797: { 38, 969, 618, 22, 430, 111, 742, 351, 398, 396 }
798: { 236, 3, 853, 303, 174, 136, 243, 881, 622, 689 }
799: { 434, 826, 905, 118, 28, 108, 29, 936, 783, 856 }
800: { 937, 832, 587, 73, 229, 410, 248, 62, 65, 958 }
801: { 821, 94, 393, 241, 31, 367, 540, 972, 40, 652 }
802: { 321, 609, 74, 428, 197, 676, 134, 256, 156, 563 }
803: { 155, 142, 209, 791, 869, 486, 194, 619, 261, 705 }
804: { 635, 161, 278, 761, 628, 337, 960, 952, 485, 568 }
805: { 172, 494, 110, 422, 14, 942, 454, 490, 226, 116 }
806: { 278, 819, 635, 499, 283, 761, 952, 55, 804, 723 }
807: { 637, 412, 449, 883, 980, 475, 137, 749, 493, 382 }
808: { 625, 752, 60, 376, 962, 411, 528, 666, 565, 288 }
809: { 847, 627, 995, 348, 69, 844, 258, 419, 435, 581 }
810: { 282, 843, 167, 472, 77, 130, 201, 211, 720, 703 }
811: { 561, 340, 41, 300, 283, 872, 176, 158, 669, 455 }
812: { 973, 458, 157, 357, 733, 585, 149, 596, 244, 18 }
813: { 331, 557, 485, 977, 568, 337, 332, 784, 960, 628 }
814: { 975, 261, 886, 711, 29, 513, 237, 394, 455, 539 }
815: { 251, 760, 595, 659, 501, 415, 107, 280, 46, 603 }
816: { 504, 862, 781, 740, 431, 902, 997, 738, 636, 267 }
817: { 447, 35, 882, 933, 325, 683, 324, 510, 487, 917 }
818: { 604, 737, 383, 836, 698, 560, 983, 750, 741, 152 }
819: { 55, 723, 214, 761, 385, 783, 635, 806, 872, 278 }
820: { 906, 602, 344, 657, 68, 416, 507, 788, 326, 739 }
821: { 393, 94, 801, 31, 204, 464, 540, 759, 239, 753 }
822: { 375, 109, 563, 962, 58, 288, 183, 376, 528, 197 }
823: { 641, 584, 227, 267, 773, 717, 870, 89, 740, 366 }
824: { 234, 196, 688, 21, 12, 880, 114, 543, 30, 692 }
825: { 893, 965, 25, 552, 474, 228, 345, 785, 691, 286 }
826: { 799, 905, 434, 118, 108, 29, 28, 936, 440, 856 }
827: { 459, 8, 718, 103, 715, 751, 892, 545, 404, 355 }
828: { 441, 875, 842, 187, 523, 380, 452, 468, 360, 284 }
829: { 443, 105, 336, 954, 610, 185, 333, 16, 13, 290 }
830: { 693, 700, 755, 413, 521, 32, 481, 306, 589, 646 }
831: { 219, 888, 295, 477, 908, 390, 81, 910, 583, 115 }
832: { 587, 937, 800, 410, 73, 229, 248, 309, 62, 531 }
833: { 312, 702, 43, 425, 840, 496, 735, 849, 796, 313 }
834: { 780, 921, 948, 588, 534, 894, 96, 138, 437, 660 }
835: { 311, 925, 720, 967, 271, 246, 201, 642, 179, 472 }
836: { 750, 560, 383, 741, 604, 698, 818, 737, 152, 682 }
837: { 505, 722, 177, 839, 735, 496, 43, 985, 923, 840 }
838: { 666, 411, 314, 976, 625, 273, 508, 510, 288, 206 }
839: { 177, 722, 985, 505, 837, 64, 445, 735, 436, 871 }
840: { 496, 43, 112, 833, 312, 923, 735, 702, 837, 796 }
841: { 47, 471, 357, 876, 46, 101, 466, 157, 704, 667 }
842: { 187, 875, 828, 441, 380, 468, 523, 452, 710, 644 }
843: { 282, 810, 703, 77, 472, 246, 167, 918, 762, 201 }
844: { 69, 995, 956, 736, 435, 49, 258, 809, 519, 924 }
845: { 414, 296, 33, 162, 26, 747, 615, 891, 323, 575 }
846: { 766, 153, 684, 623, 743, 794, 633, 899, 492, 654 }
847: { 809, 627, 348, 419, 995, 581, 69, 258, 844, 310 }
848: { 406, 764, 126, 525, 334, 978, 668, 861, 265, 527 }
849: { 15, 520, 193, 180, 833, 796, 732, 37, 312, 840 }
850: { 268, 23, 482, 11, 611, 770, 535, 361, 170, 887 }
851: { 572, 495, 858, 36, 364, 675, 195, 524, 667, 18 }
852: { 354, 205, 61, 269, 691, 386, 920, 525, 527, 265 }
853: { 136, 236, 798, 358, 3, 243, 174, 150, 303, 622 }
854: { 533, 72, 352, 319, 313, 249, 436, 607, 425, 702 }
855: { 182, 671, 892, 751, 293, 715, 355, 553, 34, 541 }
856: { 264, 28, 281, 757, 108, 426, 783, 826, 799, 385 }
857: { 318, 768, 868, 931, 487, 350, 509, 473, 272, 392 }
858: { 66, 195, 364, 851, 600, 572, 891, 36, 981, 675 }
859: { 630, 491, 873, 890, 699, 95, 546, 996, 252, 56 }
860: { 930, 125, 407, 728, 503, 160, 916, 979, 213, 343 }
861: { 126, 793, 417, 218, 978, 668, 265, 848, 406, 506 }
862: { 816, 740, 504, 781, 267, 641, 584, 431, 902, 823 }
863: { 274, 450, 416, 608, 745, 45, 344, 133, 284, 601 }
864: { 578, 934, 85, 788, 507, 140, 651, 212, 865, 739 }
865: { 984, 739, 85, 788, 507, 220, 338, 326, 498, 864 }
866: { 778, 593, 200, 391, 620, 248, 73, 565, 580, 368 }
867: { 577, 190, 202, 178, 192, 877, 403, 130, 179, 271 }
868: { 857, 768, 318, 350, 473, 272, 931, 240, 509, 392 }
869: { 791, 705, 619, 486, 475, 940, 449, 142, 803, 807 }
870: { 227, 773, 366, 641, 396, 351, 181, 742, 823, 606 }
871: { 576, 722, 64, 505, 369, 177, 263, 839, 837, 696 }
872: { 300, 455, 669, 237, 513, 561, 41, 811, 886, 819 }
873: { 890, 491, 859, 56, 252, 169, 630, 54, 52, 87 }
874: { 919, 308, 901, 597, 653, 713, 352, 967, 677, 311 }
875: { 828, 842, 441, 523, 187, 380, 452, 468, 360, 601 }
876: { 46, 471, 466, 47, 841, 760, 251, 754, 501, 704 }
877: { 202, 517, 67, 190, 689, 867, 196, 403, 688, 234 }
878: { 113, 516, 549, 879, 347, 929, 734, 677, 304, 901 }
879: { 516, 734, 929, 113, 878, 642, 304, 549, 223, 901 }
880: { 12, 152, 824, 560, 363, 196, 688, 543, 114, 692 }
881: { 622, 174, 363, 3, 243, 114, 605, 236, 798, 679 }
882: { 817, 917, 324, 447, 35, 933, 429, 487, 939, 479 }
883: { 137, 493, 412, 980, 807, 79, 898, 637, 382, 486 }
884: { 65, 62, 938, 958, 461, 800, 937, 616, 248, 670 }
885: { 164, 714, 706, 86, 559, 468, 199, 446, 469, 262 }
886: { 669, 237, 513, 455, 300, 394, 814, 41, 872, 573 }
887: { 170, 579, 909, 268, 701, 611, 850, 482, 535, 23 }
888: { 219, 831, 477, 390, 81, 583, 115, 910, 80, 295 }
889: { 670, 259, 955, 958, 229, 144, 439, 65, 550, 914 }
890: { 491, 873, 859, 630, 52, 987, 56, 362, 726, 169 }
891: { 364, 195, 414, 36, 845, 858, 546, 66, 95, 323 }
892: { 715, 751, 182, 355, 855, 293, 827, 34, 459, 718 }
893: { 25, 965, 825, 345, 552, 785, 228, 474, 691, 286 }
894: { 534, 138, 921, 240, 76, 51, 165, 272, 948, 660 }
895: { 287, 299, 315, 254, 184, 5, 725, 59, 373, 389 }
896: { 400, 154, 515, 335, 998, 564, 771, 122, 483, 701 }
897: { 310, 555, 341, 581, 571, 419, 217, 847, 729, 690 }
898: { 663, 493, 486, 883, 137, 79, 209, 275, 233, 412 }
899: { 743, 623, 684, 57, 640, 294, 766, 846, 910, 53 }
900: { 124, 42, 427, 120, 738, 276, 636, 431, 902, 388 }
901: { 919, 874, 308, 967, 311, 925, 879, 835, 734, 642 }
902: { 431, 738, 42, 124, 636, 900, 504, 816, 427, 997 }
903: { 990, 544, 548, 961, 456, 253, 759, 540, 765, 305 }
904: { 779, 488, 403, 39, 420, 397, 67, 329, 192, 338 }
905: { 118, 826, 29, 936, 799, 434, 108, 440, 539, 28 }
906: { 820, 602, 657, 344, 68, 507, 326, 416, 788, 739 }
907: { 372, 926, 649, 250, 939, 342, 96, 917, 146, 509 }
908: { 295, 831, 57, 219, 53, 888, 294, 910, 477, 899 }
909: { 579, 887, 170, 701, 483, 515, 154, 268, 611, 535 }
910: { 219, 477, 57, 390, 888, 623, 831, 899, 743, 492 }
911: { 658, 159, 402, 285, 186, 647, 302, 7, 92, 769 }
912: { 129, 27, 711, 155, 119, 539, 401, 529, 975, 148 }
913: { 915, 19, 266, 78, 776, 317, 231, 598, 613, 992 }
914: { 730, 955, 439, 90, 259, 550, 408, 106, 661, 889 }
915: { 19, 913, 78, 231, 992, 297, 266, 710, 317, 613 }
916: { 979, 460, 343, 959, 481, 213, 758, 777, 189, 721 }
917: { 882, 931, 509, 487, 318, 907, 857, 324, 817, 437 }
918: { 713, 703, 246, 772, 967, 762, 123, 843, 352, 638 }
919: { 874, 308, 901, 597, 653, 713, 967, 352, 311, 925 }
920: { 269, 285, 727, 159, 658, 61, 386, 354, 228, 852 }
921: { 894, 534, 138, 948, 834, 272, 437, 96, 76, 240 }
922: { 538, 974, 91, 749, 562, 697, 48, 637, 807, 449 }
923: { 112, 566, 369, 496, 840, 505, 837, 43, 673, 384 }
924: { 453, 519, 71, 956, 570, 736, 97, 316, 844, 49 }
925: { 311, 835, 642, 967, 271, 720, 179, 734, 901, 246 }
926: { 649, 907, 372, 250, 342, 939, 949, 409, 146, 674 }
927: { 986, 728, 632, 993, 407, 125, 860, 160, 930, 503 }
928: { 774, 148, 775, 541, 119, 293, 539, 168, 936, 711 }
929: { 734, 516, 879, 113, 304, 642, 223, 549, 878, 347 }
930: { 125, 860, 407, 503, 160, 37, 796, 993, 979, 566 }
931: { 318, 509, 857, 917, 487, 437, 868, 272, 768, 96 }
932: { 233, 405, 648, 79, 639, 98, 663, 82, 143, 493 }
933: { 447, 817, 574, 35, 683, 325, 324, 429, 479, 882 }
934: { 578, 864, 140, 212, 651, 85, 330, 139, 788, 507 }
935: { 536, 676, 398, 321, 147, 224, 654, 22, 111, 633 }
936: { 118, 905, 29, 440, 539, 826, 108, 148, 799, 711 }
937: { 800, 832, 587, 73, 229, 248, 410, 62, 65, 958 }
938: { 62, 461, 616, 248, 884, 65, 73, 626, 866, 778 }
939: { 342, 409, 926, 324, 429, 479, 649, 907, 50, 882 }
940: { 478, 619, 705, 4, 869, 791, 532, 586, 475, 991 }
941: { 63, 415, 280, 44, 659, 595, 107, 966, 603, 575 }
942: { 14, 172, 235, 805, 490, 110, 494, 422, 664, 474 }
943: { 511, 729, 457, 690, 571, 612, 222, 484, 952, 731 }
944: { 613, 255, 322, 328, 20, 231, 686, 317, 78, 34 }
945: { 279, 68, 514, 6, 289, 763, 602, 964, 963, 820 }
946: { 1000, 617, 708, 748, 339, 638, 84, 123, 762, 772 }
947: { 359, 592, 399, 971, 290, 13, 16, 444, 789, 490 }
948: { 588, 780, 660, 921, 534, 76, 834, 894, 138, 165 }
949: { 371, 674, 649, 744, 250, 926, 146, 342, 372, 409 }
950: { 257, 131, 298, 497, 591, 787, 553, 121, 631, 643 }
951: { 309, 580, 200, 368, 790, 680, 151, 719, 593, 620 }
952: { 499, 278, 222, 628, 804, 960, 635, 731, 438, 612 }
953: { 333, 316, 542, 16, 97, 71, 399, 105, 570, 519 }
954: { 610, 185, 443, 336, 59, 829, 105, 226, 13, 290 }
955: { 259, 439, 889, 914, 144, 670, 550, 106, 730, 229 }
956: { 844, 519, 736, 924, 69, 97, 453, 995, 49, 435 }
957: { 139, 651, 212, 657, 344, 745, 133, 788, 507, 416 }
958: { 670, 65, 229, 884, 889, 800, 937, 62, 832, 259 }
959: { 481, 460, 758, 916, 979, 343, 777, 755, 721, 213 }
960: { 628, 568, 438, 784, 731, 485, 557, 804, 217, 952 }
961: { 544, 903, 990, 456, 548, 765, 650, 99, 994, 253 }
962: { 288, 376, 822, 528, 808, 60, 375, 411, 109, 625 }
963: { 289, 70, 964, 277, 10, 763, 145, 6, 279, 945 }
964: { 289, 6, 661, 963, 408, 279, 945, 90, 68, 277 }
965: { 25, 893, 825, 552, 474, 785, 345, 228, 691, 286 }
966: { 448, 747, 44, 296, 162, 33, 575, 26, 615, 845 }
967: { 835, 246, 311, 925, 720, 901, 713, 918, 271, 201 }
968: { 198, 489, 245, 392, 537, 238, 624, 768, 487, 350 }
969: { 22, 797, 430, 618, 38, 398, 111, 224, 183, 197 }
970: { 365, 391, 446, 644, 171, 626, 616, 461, 866, 706 }
971: { 444, 789, 399, 947, 359, 592, 542, 16, 418, 316 }
972: { 40, 621, 652, 241, 225, 982, 801, 540, 367, 424 }
973: { 812, 458, 733, 157, 585, 357, 149, 596, 629, 353 }
974: { 91, 922, 562, 538, 697, 749, 48, 637, 567, 353 }
975: { 814, 261, 394, 886, 711, 912, 155, 29, 513, 539 }
976: { 314, 156, 411, 838, 288, 256, 206, 428, 666, 574 }
977: { 332, 813, 331, 337, 558, 485, 557, 554, 757, 594 }
978: { 668, 141, 334, 218, 126, 994, 848, 406, 861, 764 }
979: { 916, 959, 460, 343, 481, 758, 189, 213, 777, 721 }
980: { 412, 382, 137, 493, 883, 807, 79, 637, 749, 449 }
981: { 996, 600, 66, 374, 95, 546, 792, 858, 143, 82 }
982: { 424, 695, 241, 643, 40, 652, 367, 631, 621, 972 }
983: { 543, 692, 818, 604, 880, 560, 737, 152, 836, 383 }
984: { 739, 865, 507, 788, 85, 326, 220, 338, 498, 864 }
985: { 839, 177, 436, 735, 445, 837, 249, 505, 722, 425 }
986: { 927, 728, 407, 632, 125, 860, 993, 160, 930, 213 }
987: { 362, 52, 128, 726, 614, 547, 890, 56, 491, 378 }
988: { 307, 203, 634, 102, 500, 173, 518, 708, 145, 263 }
989: { 100, 304, 223, 21, 347, 30, 549, 113, 387, 929 }
990: { 903, 544, 548, 961, 456, 253, 759, 540, 765, 305 }
991: { 586, 478, 420, 4, 940, 163, 865, 904, 532, 779 }
992: { 710, 297, 262, 19, 915, 75, 187, 468, 78, 913 }
993: { 632, 160, 503, 37, 125, 180, 193, 796, 930, 520 }
994: { 218, 141, 668, 978, 334, 506, 456, 650, 126, 961 }
995: { 69, 844, 809, 627, 847, 348, 956, 435, 258, 736 }
996: { 981, 95, 600, 546, 66, 374, 792, 858, 195, 364 }
997: { 599, 208, 781, 483, 771, 504, 564, 400, 154, 816 }
998: { 335, 896, 515, 122, 451, 400, 154, 512, 701, 564 }
999: { 133, 212, 545, 139, 724, 651, 745, 8, 230, 103 }
1000: { 946, 617, 708, 339, 748, 638, 123, 762, 84, 772 }
